% change depending on condition 
Kan = 0; 
atwbc19 = 0;
FRD3 = 0;
% remain the same in this experiment
p = 0.4;
q1 = 0.5;
q2 = 0.2;	
r = 1.2; 
as1 = (1+0.8*FRD3)*(1- r* Kan*atwbc19);
as2 = (1+7*FRD3)* (1- r* Kan*atwbc19);
as4 = 0.1;
as6 = 0.1; 
a1_3 = 3; 	
a1_5 = 2;
a2_7 = 0.5;
a2_14= 0.75		* (1- q1*atwbc19);
a3_1 = 2; 
a3_8 = 0.25		* (1- q2*atwbc19);
a4_9 =  2   		* (1- p*Kan);
a5_1 = 2;
a5_11= 4;
a6_12= 0.5 		*0;  
a7_13= 2 		*0;
a7_2 = 1;				
a8_9 = 1;							
a9_8 = 10;	   										
a8_15 = 4;							
a10_11 = 1; 	
a10_10p = 0.1;
a11_10 = 4;
a11_16 = 0.05;
a12_13 = 4;  			
a13_12 = 1;  
a13_17 = 2;
a14_18 = 0.5;
		
g1 = -1; 
g2 = -1;
g3 = -1; 
g4 = -1;

S1 = 1; 
S2 = 2; 